2021

              Понедельник       Вторник           Среда             Четверг           Пятница           Суббота           Восскресение
00000001 неделя     1                 2                 3                 4                 5                 6                 7
02 неделя     1                 2                 3                 4                 5                 6                 7
03 неделя     1                 2                 3                 4                 5                 6                 7
04 неделя     1                 2                 3                 4                 5                 6                 7
05 неделя     1                 2                 3                 4                 5                 6                 7
06 неделя     1                 2                 3                 4                 5                 6                 7
07 неделя     1                 2                 3                 4                 5                 6                 7
08 неделя     1                 2                 3                 4                 5                 6                 7
09 неделя     1                 2                 3                 4                 5                 6                 7
10 неделя     1                 2                 3                 4                 5                 6                 7
11 неделя     1                 2                 3                 4                 5                 6                 7
12 неделя     1                 2                 3                 4                 5                 6                 7
13 неделя     1                 2                 3                 4                 5                 6                 7
14 неделя     1                 2                 3                 4                 5                 6                 7
15 неделя     1                 2                 3                 4                 5                 6                 7
17 неделя     1                 2                 3                 4                 5                 6                 7
18 неделя     1                 2                 3                 4                 5                 6                 7
19 неделя     1                 2                 3                 4                 5                 6                 7
20 неделя     1                 2                 3                 4                 5                 6                 7
21 неделя     1                 2                 3                 4                 5                 6                 7
22 неделя     1                 2                 3                 4                 5                 6                 7
23 неделя     1                 2                 3                 4                 5                 6                 7
24 неделя     1                 2                 3                 4                 5                 6                 7
25 неделя     1                 2                 3                 4                 5                 6                 7
26 неделя     1                 2                 3                 4                 5                 6                 7
27 неделя     1                 2                 3                 4                 5                 6                 7
28 неделя     1                 2                 3                 4                 5                 6                 7
29 неделя     1                 2                 3                 4                 5                 6                 7
30 неделя     1                 2                 3                 4                 5                 6                 7
31 неделя     1                 2                 3                 4                 5                 6                 7
32 неделя     1                 2                 3                 4                 5                 6                 7
33 неделя     1                 2                 3                 4                 5                 6                 7
34 неделя     1                 2                 3                 4                 5                 6                 7
35 неделя     1                 2                 3                 4                 5                 6                 7
36 неделя     1                 2                 3                 4                 5                 6                 7
37 неделя     1                 2                 3                 4                 5                 6                 7
38 неделя     1                 2                 3                 4                 5                 6                 7
39 неделя     1                 2                 3                 4                 5                 6                 7
40 неделя     1                 2                 3                 4                 5                 6                 7
41 неделя     1                 2                 3                 4                 5                 6                 7
42 неделя     1                 2                 3                 4                 5                 6                 7
43 неделя     1                 2                 3                 4                 5                 6                 7
44 неделя     1                 2                 3                 4                 5                 6                 7
45 неделя     1                 2                 3                 4                 5                 6                 7
46 неделя     1                 2                 3                 4                 5                 6                 7
47 неделя     1                 2                 3                 4                 5                 6                 7
48 неделя     1                 2                 3                 4                 5                 6                 7
49 неделя     1                 2                 3                 4                 5                 6                 7
50 неделя     1                 2                 3                 4                 5                 6                 7
51 неделя     1                 2                 3                 4                 5                 6                 7
52 неделя     1                 2                 3                 4                 5                 6                 7
53 неделя     1                 2                 3                 4                 5                 6                 7
54 неделя     1                 2                 3                 4                 5                 6                 7
55 неделя     1                 2                 3                 4                 5                 6                 7
56 неделя     1                 2                 3                 4                 5                 6                 7
57 неделя     1                 2                 3                 4                 5                 6                 7
58 неделя     1                 2                 3                 4                 5                 6                 7
59 неделя     1                 2                 3                 4                 5                 6                 7
60 неделя     1                 2                 3                 4                 5                 6                 7
61 неделя     1                 2                 3                 4                 5                 6                 7
62 неделя     1                 2                 3                 4                 5                 6                 7
63 неделя     1                 2                 3                 4                 5                 6                 7
64 неделя     1                 2                 3                 4                 5                 6                 7
65 неделя     1                 2                 3                 4                 5                 6                 7
66 неделя     1                 2                 3                 4                 5                 6                 7
67 неделя     1                 2                 3                 4                 5                 6                 7
68 неделя     1                 2                 3                 4                 5                 6                 7
69 неделя     1                 2                 3                 4                 5                 6                 7
70 неделя     1                 2                 3                 4                 5                 6                 7
71 неделя     1                 2                 3                 4                 5                 6                 7
72 неделя     1                 2                 3                 4                 5                 6                 7
73 неделя     1                 2                 3                 4                 5                 6                 7
74 неделя     1                 2                 3                 4                 5                 6                 7
75 неделя     1                 2                 3                 4                 5                 6                 7










